-62.639866261448823   -7.661480508454430    0.000000000000000    0.000000000000000    0.066598851623857   -4.829723346290193   -4.829723346290193
 -7.661480508454430  -10.769220312252060    0.000000000000000    0.000000000000000    0.465753586513831   -7.706758435900208   -7.706758435900208
  0.000000000000000    0.000000000000000  -10.500758593173870    0.000000000000000    0.000000000000000    0.000000000000000    0.000000000000000
  0.000000000000000    0.000000000000000    0.000000000000000  -10.842529408685856    0.000000000000000   -3.141261952709518    3.141261952709518
  0.066598851623857    0.465753586513831    0.000000000000000    0.000000000000000  -10.741164313909103    2.900999730258932    2.900999730258932
 -4.829723346290193   -7.706758435900208    0.000000000000000   -3.141261952709518    2.900999730258932   -8.375627450530589   -5.427227784833011
 -4.829723346290193   -7.706758435900208    0.000000000000000    3.141261952709518    2.900999730258932   -5.427227784833011   -8.375627450530590
